loss
0.4849877953529358
0.26618608832359314
0.241803377866745
0.23993127048015594
0.19092099368572235
0.24649640917778015
0.22662121057510376
0.21189527213573456
0.19142581522464752
0.17997966706752777
0.19731171429157257
0.18604028224945068
0.1774560660123825
0.19573131203651428
0.1928667277097702
0.18583542108535767
0.19784696400165558
0.1766221970319748
0.19399325549602509
0.17612464725971222
0.16786238551139832
0.1833191066980362
0.1670750379562378
0.2012859284877777
0.16042815148830414
0.2049960047006607
0.2113858461380005
0.19052961468696594
0.15658113360404968
0.16175970435142517
0.16243578493595123
0.1777811199426651
0.16704171895980835
0.15330496430397034
0.15952268242835999
0.19899754226207733
0.1610150933265686
0.1280311942100525
0.13475872576236725
0.14006300270557404
0.17456844449043274
0.150650292634964
0.14561407268047333
0.16353772580623627
0.13419388234615326
0.13026419281959534
0.15247531235218048
0.11338597536087036
0.11679006367921829
0.14185142517089844
accuracy
0.763005793094635
0.913294792175293
0.9152215719223022
0.9181117415428162
0.9354528188705444
0.910404622554779
0.9152215719223022
0.9335260391235352
0.9306358098983765
0.9383429884910583
0.9210019111633301
0.9383429884910583
0.9421965479850769
0.9373795986175537
0.9277456402778625
0.9325626492500305
0.9383429884910583
0.9315991997718811
0.923892080783844
0.9412331581115723
0.9479768872261047
0.9325626492500305
0.9441233277320862
0.9315991997718811
0.9460501074790955
0.9441233277320862
0.9441233277320862
0.9479768872261047
0.9470134973526001
0.9479768872261047
0.9556840062141418
0.9354528188705444
0.939306378364563
0.9537572264671326
0.9460501074790955
0.9470134973526001
0.9479768872261047
0.9518304467201233
0.9547206163406372
0.9537572264671326
0.9460501074790955
0.9537572264671326
0.9507575631141663
0.9556840062141418
0.9566473960876465
0.9508670568466187
0.9508670568466187
0.9556840062141418
0.960500955581665
0.9518304467201233
val_loss
0.3198234736919403
0.39881256222724915
0.22642914950847626
0.2337828129529953
0.18689817190170288
0.182448148727417
0.18494631350040436
0.16186034679412842
0.19080118834972382
0.12244129180908203
0.1793336570262909
0.18146777153015137
0.16494902968406677
0.2011336386203766
0.1805649995803833
0.11577124893665314
0.23163017630577087
0.151350736618042
0.1375580132007599
0.1778101623058319
0.19380579888820648
0.17052529752254486
0.1631568968296051
0.14687249064445496
0.2721750736236572
0.2039603888988495
0.1792512834072113
0.13831675052642822
0.16034385561943054
0.18920551240444183
0.1621030867099762
0.19516441226005554
0.22222647070884705
0.15097936987876892
0.1876026690006256
0.2295716553926468
0.15069998800754547
0.11070015281438828
0.14956215023994446
0.0888393372297287
0.1476905345916748
0.10338962078094482
0.13948209583759308
0.14489997923374176
0.15799227356910706
0.1627880334854126
0.12094944715499878
0.0796048492193222
0.12050934880971909
0.14221224188804626
val_accuracy
0.90625
0.7124999761581421
0.9312499761581421
0.8999999761581421
0.949999988079071
0.949999988079071
0.9437500238418579
0.9375
0.956250011920929
0.956250011920929
0.9125000238418579
0.8999999761581421
0.9437500238418579
0.918749988079071
0.9437500238418579
0.981249988079071
0.887499988079071
0.949999988079071
0.96875
0.9312499761581421
0.9375
0.949999988079071
0.956250011920929
0.949999988079071
0.831250011920929
0.9312499761581421
0.9437500238418579
0.9750000238418579
0.9437500238418579
0.925000011920929
0.956250011920929
0.925000011920929
0.8812500238418579
0.949999988079071
0.9312499761581421
0.9125000238418579
0.9312499761581421
0.9624999761581421
0.96875
0.9624999761581421
0.956250011920929
0.9750000238418579
0.9437500238418579
0.9437500238418579
0.918749988079071
0.925000011920929
0.9375
0.987500011920929
0.9437500238418579
0.9312499761581421
